0.001  107.507   -8.519   -0.000  110.114   -8.561    0.000    0.032
0.002  107.674   -8.522   -0.000  110.281   -8.568    0.000    0.032
0.003  107.841   -8.525   -0.000  110.448   -8.574    0.000    0.032
0.004  108.009   -8.528   -0.000  110.615   -8.581    0.000    0.032
0.005  108.210   -8.532   -0.000  110.816   -8.588    0.000    0.032
0.006  108.411   -8.536   -0.000  111.018   -8.594    0.000    0.032
0.008  108.613   -8.539   -0.000  111.219   -8.601    0.000    0.032
0.009  108.781   -8.542   -0.000  111.387   -8.606    0.000    0.032
0.010  108.949   -8.545   -0.000  111.555   -8.610    0.000    0.032
0.011  109.117   -8.549   -0.000  111.724   -8.614    0.000    0.032
0.012  109.286   -8.552   -0.000  111.892   -8.618    0.000    0.032
0.013  109.454   -8.555   -0.000  112.061   -8.622    0.000    0.032
0.014  109.623   -8.558   -0.000  112.229   -8.625    0.000    0.032
0.015  109.792   -8.561   -0.000  112.398   -8.627    0.000    0.032
0.016  109.960   -8.564   -0.000  112.567   -8.628    0.000    0.032
0.017  110.163   -8.568   -0.000  112.769   -8.628    0.000    0.032
0.018  110.365   -8.573    0.000  112.972   -8.624    0.000    0.032
0.019  110.568   -8.578    0.000  113.175   -8.619   -0.000    0.032
0.020  110.770   -8.583    0.000  113.377   -8.613   -0.001    0.032
0.022  110.973   -8.588    0.000  113.580   -8.603   -0.001    0.032
0.023  111.175   -8.593    0.000  113.782   -8.593   -0.002    0.032
0.024  111.378   -8.598    0.000  113.985   -8.583   -0.002    0.032
0.025  111.580   -8.603    0.000  114.187   -8.572   -0.003    0.032
0.026  111.783   -8.608    0.001  114.390   -8.562   -0.003    0.032
0.028  111.986   -8.612    0.001  114.592   -8.553   -0.004    0.032
0.029  112.189   -8.616    0.001  114.795   -8.546   -0.005    0.032
0.030  112.391   -8.620    0.001  114.997   -8.543   -0.005    0.032
0.031  112.594   -8.621    0.001  115.200   -8.545   -0.006    0.032
0.032  112.796   -8.621    0.001  115.402   -8.547   -0.007    0.032
0.034  112.998   -8.620    0.001  115.604   -8.551   -0.007    0.032
0.035  113.199   -8.617    0.000  115.805   -8.554   -0.008    0.032
0.036  113.400   -8.612   -0.000  116.007   -8.558   -0.008    0.032
0.037  113.601   -8.606   -0.001  116.208   -8.560   -0.009    0.032
0.038  113.801   -8.598   -0.003  116.408   -8.561   -0.010    0.032
0.040  114.002   -8.589   -0.004  116.609   -8.561   -0.010    0.032
0.041  114.201   -8.579   -0.006  116.809   -8.557   -0.011    0.032
0.042  114.401   -8.568   -0.008  117.008   -8.553   -0.012    0.032
0.043  114.600   -8.555   -0.011  117.207   -8.547   -0.012    0.032
0.044  114.799   -8.542   -0.013  117.407   -8.541   -0.013    0.032
0.046  114.998   -8.527   -0.016  117.606   -8.538   -0.012    0.032
0.047  115.197   -8.513   -0.019  117.804   -8.532   -0.012    0.032
0.048  115.396   -8.500   -0.022  118.003   -8.521   -0.010    0.032
0.049  115.595   -8.488   -0.024  118.202   -8.507   -0.009    0.032
0.050  115.793   -8.478   -0.027  118.400   -8.490   -0.008    0.032
0.052  115.991   -8.469   -0.028  118.599   -8.474   -0.007    0.032
0.053  116.189   -8.462   -0.030  118.796   -8.454   -0.005    0.032
0.054  116.387   -8.456   -0.030  118.994   -8.434   -0.004    0.032
0.055  116.584   -8.452   -0.030  119.191   -8.413   -0.002    0.032
0.056  116.782   -8.449   -0.029  119.388   -8.392   -0.001    0.032
0.058  116.979   -8.446   -0.027  119.584   -8.371    0.001    0.032
0.059  117.175   -8.445   -0.025  119.781   -8.351    0.002    0.032
0.060  117.372   -8.445   -0.023  119.976   -8.332    0.004    0.032
0.061  117.568   -8.447   -0.022  120.172   -8.318    0.005    0.032
0.062  117.764   -8.450   -0.020  120.367   -8.302    0.007    0.032
0.063  117.928   -8.453   -0.018  120.530   -8.290    0.008    0.032
0.064  118.091   -8.457   -0.017  120.692   -8.279    0.008    0.032
0.065  118.254   -8.462   -0.015  120.854   -8.265    0.009    0.032
0.066  118.417   -8.467   -0.014  121.015   -8.250    0.010    0.032
0.067  118.580   -8.473   -0.012  121.177   -8.236    0.011    0.032
0.068  118.743   -8.478   -0.011  121.338   -8.222    0.012    0.032
0.069  118.906   -8.481   -0.009  121.498   -8.209    0.013    0.032
0.070  119.068   -8.484   -0.007  121.659   -8.197    0.013    0.032
0.071  119.230   -8.485   -0.006  121.820   -8.188    0.014    0.032
0.072  119.391   -8.486   -0.004  121.980   -8.177    0.014    0.032
0.073  119.553   -8.485   -0.003  122.141   -8.167    0.015    0.032
0.074  119.714   -8.483   -0.001  122.301   -8.158    0.016    0.032
0.075  119.875   -8.481    0.000  122.461   -8.149    0.016    0.032
0.076  120.035   -8.477    0.002  122.621   -8.141    0.017    0.032
0.077  120.196   -8.472    0.003  122.781   -8.134    0.017    0.032
0.078  120.356   -8.466    0.005  122.941   -8.128    0.017    0.032
0.079  120.516   -8.458    0.006  123.101   -8.122    0.018    0.032
0.080  120.675   -8.450    0.007  123.261   -8.118    0.018    0.032
0.081  120.834   -8.441    0.009  123.421   -8.113    0.019    0.032
0.082  120.993   -8.431    0.010  123.581   -8.109    0.019    0.032
0.083  121.152   -8.419    0.011  123.740   -8.106    0.019    0.032
0.084  121.311   -8.407    0.012  123.900   -8.104    0.019    0.032
0.085  121.469   -8.394    0.013  124.060   -8.103    0.020    0.032
0.086  121.627   -8.379    0.014  124.219   -8.102    0.020    0.032
0.087  121.785   -8.364    0.015  124.379   -8.102    0.020    0.032
0.088  121.942   -8.348    0.015  124.538   -8.101    0.020    0.032
0.089  122.100   -8.331    0.015  124.697   -8.100    0.020    0.032
0.090  122.257   -8.313    0.015  124.855   -8.099    0.020    0.032
0.091  122.414   -8.294    0.015  125.013   -8.093    0.020    0.032
0.092  122.571   -8.275    0.015  125.171   -8.090    0.020    0.032
0.093  122.727   -8.255    0.015  125.329   -8.085    0.021    0.032
0.094  122.884   -8.234    0.015  125.486   -8.080    0.021    0.032
0.095  123.040   -8.212    0.015  125.644   -8.075    0.021    0.032
0.096  123.197   -8.191    0.015  125.801   -8.069    0.021    0.032
0.097  123.353   -8.169    0.015  125.958   -8.064    0.022    0.032
0.098  123.510   -8.149    0.015  126.115   -8.059    0.023    0.032
0.099  123.666   -8.129    0.015  126.272   -8.053    0.023    0.032
0.100  123.822   -8.110    0.015  126.428   -8.046    0.024    0.032
0.101  123.978   -8.093    0.015  126.585   -8.037    0.025    0.032
0.102  124.134   -8.077    0.015  126.741   -8.028    0.026    0.032
0.103  124.290   -8.061    0.015  126.897   -8.019    0.026    0.032
0.104  124.446   -8.047    0.015  127.053   -8.010    0.027    0.032
0.105  124.602   -8.034    0.015  127.209   -8.000    0.028    0.032
0.106  124.758   -8.022    0.016  127.365   -7.989    0.029    0.032
0.107  124.913   -8.011    0.016  127.520   -7.977    0.031    0.032
0.108  125.069   -8.001    0.016  127.676   -7.965    0.032    0.032
0.109  125.224   -7.992    0.016  127.831   -7.953    0.033    0.032
0.110  125.380   -7.984    0.017  127.986   -7.939    0.034    0.032
0.111  125.535   -7.977    0.017  128.142   -7.926    0.036    0.032
0.112  125.690   -7.971    0.018  128.297   -7.912    0.037    0.032
0.113  125.845   -7.966    0.019  128.451   -7.897    0.039    0.032
0.114  126.000   -7.962    0.020  128.606   -7.882    0.040    0.032
0.115  126.155   -7.958    0.022  128.761   -7.868    0.042    0.032
0.116  126.310   -7.956    0.024  128.915   -7.854    0.043    0.032
0.117  126.465   -7.954    0.026  129.070   -7.841    0.045    0.032
0.118  126.620   -7.953    0.028  129.224   -7.829    0.046    0.032
0.119  126.775   -7.953    0.030  129.378   -7.818    0.047    0.032
0.120  126.929   -7.954    0.033  129.532   -7.807    0.048    0.032
0.121  127.084   -7.955    0.035  129.687   -7.798    0.049    0.032
0.122  127.239   -7.956    0.038  129.841   -7.786    0.050    0.032
0.123  127.394   -7.957    0.041  129.995   -7.774    0.050    0.032
0.124  127.549   -7.957    0.044  130.149   -7.764    0.049    0.032
0.125  127.703   -7.957    0.047  130.303   -7.755    0.049    0.032
0.126  127.858   -7.955    0.049  130.457   -7.746    0.048    0.032
0.127  128.012   -7.953    0.052  130.610   -7.739    0.047    0.032
0.128  128.166   -7.949    0.054  130.764   -7.731    0.046    0.032
0.129  128.320   -7.945    0.056  130.918   -7.725    0.045    0.032
0.130  128.474   -7.939    0.058  131.072   -7.719    0.044    0.032
0.131  128.628   -7.933    0.059  131.226   -7.714    0.043    0.032
0.132  128.781   -7.925    0.060  131.379   -7.709    0.041    0.032
0.133  128.934   -7.917    0.061  131.533   -7.705    0.040    0.032
0.134  129.088   -7.908    0.062  131.686   -7.702    0.038    0.032
0.135  129.241   -7.898    0.062  131.840   -7.699    0.036    0.032
0.136  129.393   -7.888    0.061  131.994   -7.696    0.035    0.032
0.137  129.546   -7.876    0.060  132.147   -7.693    0.033    0.032
0.138  129.699   -7.865    0.058  132.300   -7.690    0.031    0.032
0.139  129.851   -7.852    0.057  132.453   -7.687    0.029    0.032
0.140  130.004   -7.839    0.056  132.606   -7.682    0.027    0.032
0.141  130.156   -7.824    0.054  132.759   -7.676    0.026    0.032
